#1		
double	comax(5452,2)	
#time(s)	powerAC(W)	
#2016-06-26 to 2016-10-04 
0	0
22500	0
23400	11
24300	30
25200	41
26100	83
27000	77
27900	51
28800	44
29700	51
30600	80
31500	103
32400	199
33300	209
34200	207
35100	230
36000	202
36900	231
37800	321
38700	387
39600	329
40500	350
41400	394
42300	337
43200	383
44100	542
45000	418
45900	383
46800	353
47700	531
48600	839
49500	830
50400	807
51300	809
52200	795
53100	602
54000	473
54900	552
55800	501
56700	535
57600	531
58500	593
59400	582
60300	575
61200	511
62100	340
63000	238
63900	264
64800	254
65700	183
66600	142
67500	141
68400	111
69300	98
70200	84
71100	76
72000	72
72900	48
73800	0
107100	0
108000	16
108900	35
109800	45
110700	74
111600	89
112500	103
113400	54
114300	39
115200	24
116100	13
117000	42
117900	44
118800	60
119700	57
120600	72
121500	101
122400	110
123300	160
124200	184
125100	256
126000	205
126900	169
127800	155
128700	168
129600	132
130500	167
131400	130
132300	116
133200	114
134100	152
135000	153
135900	210
136800	222
137700	204
138600	344
139500	366
140400	235
141300	308
142200	317
143100	204
144000	262
144900	421
145800	321
146700	630
147600	552
148500	478
149400	557
150300	463
151200	285
152100	172
153000	108
153900	92
154800	89
155700	86
156600	54
157500	44
158400	46
159300	42
160200	36
161100	0
162000	0
192600	0
193500	0
194400	26
195300	32
196200	35
197100	39
198000	42
198900	45
199800	48
200700	51
201600	65
202500	300
203400	417
204300	476
205200	529
206100	578
207000	627
207900	672
208800	713
209700	749
210600	787
211500	795
212400	820
213300	845
214200	870
215100	891
216000	906
216900	831
217800	896
218700	887
219600	945
220500	872
221400	924
222300	735
223200	643
224100	524
225000	932
225900	934
226800	885
227700	881
228600	879
229500	822
230400	766
231300	774
232200	718
233100	449
234000	403
234900	392
235800	462
236700	464
237600	433
238500	376
239400	324
240300	267
241200	144
242100	70
243000	62
243900	53
244800	47
245700	40
246600	38
247500	19
279000	0
279900	0
280800	21
281700	31
282600	35
283500	39
284400	41
285300	44
286200	47
287100	49
288000	62
288900	286
289800	406
290700	463
291600	512
292500	559
293400	604
294300	643
295200	668
296100	702
297000	730
297900	768
298800	789
299700	813
300600	832
301500	844
302400	858
303300	874
304200	882
305100	884
306000	896
306900	890
307800	899
308700	900
309600	892
310500	889
311400	884
312300	864
313200	857
314100	830
315000	807
315900	815
316800	821
317700	728
318600	479
319500	532
320400	664
321300	567
322200	500
323100	480
324000	428
324900	392
325800	314
326700	207
327600	142
328500	62
329400	56
330300	53
331200	49
332100	45
333000	40
333900	26
365400	0
366300	0
367200	0
368100	16
369000	36
369900	41
370800	45
371700	48
372600	51
373500	55
374400	67
375300	269
376200	376
377100	428
378000	482
378900	531
379800	571
380700	620
381600	662
382500	697
383400	612
384300	709
385200	735
386100	770
387000	506
387900	470
388800	658
389700	841
390600	697
391500	783
392400	513
393300	252
394200	312
395100	321
396000	322
396900	363
397800	694
398700	762
399600	704
400500	817
401400	676
402300	786
403200	762
404100	673
405000	220
405900	491
406800	420
407700	571
408600	486
409500	511
410400	253
411300	102
412200	61
413100	58
414000	134
414900	62
415800	22
416700	0
417600	0
451800	0
452700	0
453600	29
454500	50
455400	83
456300	96
457200	94
458100	94
459000	103
459900	108
460800	131
461700	151
462600	145
463500	150
464400	160
465300	171
466200	167
467100	179
468000	324
468900	607
469800	523
470700	576
471600	484
472500	373
473400	779
474300	596
475200	684
476100	862
477000	873
477900	837
478800	822
479700	897
480600	915
481500	893
482400	895
483300	878
484200	849
485100	828
486000	838
486900	731
487800	712
488700	486
489600	793
490500	700
491400	717
492300	678
493200	627
494100	576
495000	528
495900	474
496800	417
497700	366
498600	315
499500	268
500400	184
501300	82
502200	72
503100	54
504000	50
504900	44
505800	40
506700	23
538200	0
539100	0
540000	20
540900	32
541800	36
542700	39
543600	42
544500	45
545400	49
546300	52
547200	67
548100	271
549000	387
549900	443
550800	493
551700	541
552600	578
553500	609
554400	649
555300	683
556200	716
557100	744
558000	777
558900	798
559800	816
560700	846
561600	862
562500	873
563400	894
564300	904
565200	865
566100	878
567000	908
567900	697
568800	710
569700	856
570600	667
571500	286
572400	254
573300	243
574200	245
575100	144
576000	116
576900	98
577800	78
578700	58
579600	52
580500	55
581400	57
582300	58
583200	75
584100	133
585000	139
585900	124
586800	102
587700	81
588600	50
589500	42
590400	41
591300	24
625500	0
626400	0
627300	33
628200	52
629100	36
630000	46
630900	49
631800	49
632700	54
633600	49
634500	60
635400	96
636300	95
637200	107
638100	97
639000	91
639900	113
640800	122
641700	131
642600	121
643500	152
644400	147
645300	129
646200	138
647100	182
648000	153
648900	211
649800	197
650700	190
651600	270
652500	249
653400	244
654300	254
655200	285
656100	245
657000	159
657900	165
658800	187
659700	232
660600	397
661500	285
662400	284
663300	697
664200	724
665100	737
666000	641
666900	600
667800	564
668700	512
669600	453
670500	396
671400	340
672300	286
673200	178
674100	60
675000	53
675900	45
676800	52
677700	38
678600	17
679500	0
711000	0
711900	0
712800	18
713700	33
714600	38
715500	43
716400	43
717300	46
718200	49
719100	50
720000	60
720900	286
721800	408
722700	467
723600	520
724500	570
725400	612
726300	641
727200	687
728100	715
729000	743
729900	507
730800	829
731700	770
732600	859
733500	889
734400	908
735300	924
736200	787
737100	955
738000	952
738900	987
739800	756
740700	974
741600	880
742500	939
743400	853
744300	905
745200	855
746100	727
747000	962
747900	803
748800	720
749700	814
750600	480
751500	158
752400	240
753300	593
754200	676
755100	593
756000	309
756900	193
757800	365
758700	316
759600	193
760500	108
761400	99
762300	83
763200	60
764100	45
765000	29
765900	0
797400	0
798300	0
799200	17
800100	33
801000	47
801900	75
802800	82
803700	101
804600	104
805500	124
806400	141
807300	190
808200	273
809100	367
810000	420
810900	367
811800	525
812700	634
813600	661
814500	701
815400	742
816300	721
817200	773
818100	809
819000	827
819900	735
820800	859
821700	859
822600	876
823500	922
824400	907
825300	449
826200	605
827100	987
828000	714
828900	596
829800	816
830700	883
831600	850
832500	843
833400	811
834300	768
835200	752
836100	722
837000	638
837900	660
838800	618
839700	585
840600	539
841500	502
842400	446
843300	391
844200	336
845100	289
846000	182
846900	78
847800	72
848700	76
849600	82
850500	72
851400	54
852300	41
883800	0
884700	0
885600	12
886500	31
887400	36
888300	40
889200	45
890100	47
891000	51
891900	65
892800	87
893700	234
894600	394
895500	454
896400	505
897300	562
898200	574
899100	525
900000	703
900900	716
901800	619
902700	669
903600	330
904500	488
905400	394
906300	244
907200	694
908100	627
909000	392
909900	336
910800	356
911700	784
912600	936
913500	811
914400	851
915300	557
916200	498
917100	474
918000	394
918900	623
919800	868
920700	784
921600	450
922500	449
923400	569
924300	158
925200	597
926100	328
927000	321
927900	168
928800	185
929700	299
930600	226
931500	198
932400	167
933300	80
934200	55
935100	53
936000	45
936900	44
937800	43
938700	25
971100	0
972000	16
972900	32
973800	37
974700	51
975600	68
976500	52
977400	52
978300	55
979200	63
980100	271
981000	392
981900	449
982800	499
983700	549
984600	597
985500	657
986400	685
987300	712
988200	747
989100	775
990000	766
990900	802
991800	798
992700	649
993600	627
994500	648
995400	713
996300	715
997200	910
998100	623
999000	1002
999900	978
1000800	939
1001700	713
1002600	782
1003500	771
1004400	814
1005300	749
1006200	714
1007100	473
1008000	305
1008900	183
1009800	463
1010700	360
1011600	621
1012500	571
1013400	535
1014300	339
1015200	276
1016100	343
1017000	329
1017900	263
1018800	175
1019700	75
1020600	64
1021500	55
1022400	52
1023300	45
1024200	41
1025100	19
1057500	0
1058400	13
1059300	32
1060200	36
1061100	40
1062000	44
1062900	47
1063800	51
1064700	54
1065600	63
1066500	264
1067400	377
1068300	438
1069200	470
1070100	520
1071000	578
1071900	613
1072800	608
1073700	680
1074600	716
1075500	748
1076400	778
1077300	805
1078200	827
1079100	847
1080000	868
1080900	874
1081800	895
1082700	850
1083600	878
1084500	815
1085400	921
1086300	709
1087200	861
1088100	697
1089000	513
1089900	275
1090800	432
1091700	320
1092600	601
1093500	261
1094400	410
1095300	305
1096200	393
1097100	365
1098000	477
1098900	515
1099800	339
1100700	330
1101600	256
1102500	190
1103400	173
1104300	186
1105200	162
1106100	69
1107000	60
1107900	69
1108800	64
1109700	44
1110600	38
1111500	39
1144800	0
1147500	0
1148400	14
1149300	34
1150200	41
1151100	35
1152000	51
1152900	60
1153800	84
1154700	56
1155600	68
1156500	95
1157400	108
1158300	233
1159200	566
1160100	541
1161000	682
1161900	740
1162800	824
1163700	848
1164600	849
1165500	909
1166400	916
1167300	823
1168200	635
1169100	844
1170000	889
1170900	881
1171800	674
1172700	945
1173600	595
1174500	761
1175400	856
1176300	595
1177200	348
1178100	463
1179000	352
1179900	489
1180800	329
1181700	358
1182600	143
1183500	81
1184400	154
1185300	411
1186200	226
1187100	174
1188000	119
1188900	132
1189800	180
1190700	100
1191600	81
1192500	69
1193400	66
1194300	58
1195200	55
1196100	43
1197000	6
1197900	0
1230300	0
1231200	0
1232100	29
1233000	44
1233900	56
1234800	58
1235700	60
1236600	79
1237500	94
1238400	110
1239300	184
1240200	353
1241100	373
1242000	389
1242900	510
1243800	564
1244700	602
1245600	643
1246500	680
1247400	716
1248300	748
1249200	775
1250100	800
1251000	821
1251900	832
1252800	847
1253700	863
1254600	873
1255500	882
1256400	885
1257300	898
1258200	876
1259100	881
1260000	880
1260900	863
1261800	851
1262700	835
1263600	817
1264500	803
1265400	771
1266300	751
1267200	728
1268100	691
1269000	662
1269900	622
1270800	584
1271700	544
1272600	503
1273500	460
1274400	409
1275300	358
1276200	306
1277100	258
1278000	176
1278900	69
1279800	52
1280700	49
1281600	44
1282500	42
1283400	39
1316700	0
1317600	0
1318500	6
1319400	33
1320300	39
1321200	42
1322100	45
1323000	49
1323900	53
1324800	61
1325700	249
1326600	356
1327500	409
1328400	459
1329300	496
1330200	539
1331100	597
1332000	657
1332900	644
1333800	709
1334700	711
1335600	736
1336500	765
1337400	786
1338300	797
1339200	802
1340100	808
1341000	822
1341900	813
1342800	820
1343700	833
1344600	527
1345500	366
1346400	476
1347300	505
1348200	427
1349100	493
1350000	517
1350900	155
1351800	99
1352700	368
1353600	220
1354500	204
1355400	744
1356300	555
1357200	422
1358100	463
1359000	476
1359900	240
1360800	159
1361700	150
1362600	219
1363500	296
1364400	209
1365300	80
1366200	57
1367100	54
1368000	51
1368900	41
1369800	39
1404000	0
1404900	20
1405800	52
1406700	95
1407600	98
1408500	78
1409400	42
1410300	48
1411200	51
1412100	62
1413000	112
1413900	114
1414800	291
1415700	453
1416600	555
1417500	607
1418400	595
1419300	691
1420200	402
1421100	625
1422000	589
1422900	808
1423800	734
1424700	545
1425600	881
1426500	764
1427400	649
1428300	907
1429200	909
1430100	791
1431000	699
1431900	909
1432800	901
1433700	800
1434600	865
1435500	861
1436400	423
1437300	591
1438200	188
1439100	133
1440000	102
1440900	72
1441800	26
1449000	0
1449900	0
1450800	29
1451700	75
1452600	109
1453500	64
1454400	41
1455300	0
1456200	0
1489500	0
1490400	22
1491300	41
1492200	58
1493100	71
1494000	98
1494900	45
1495800	51
1496700	73
1497600	64
1498500	112
1499400	156
1500300	101
1501200	112
1502100	144
1503000	333
1503900	215
1504800	241
1505700	454
1506600	530
1507500	266
1508400	481
1509300	655
1510200	937
1511100	583
1512000	491
1512900	274
1513800	229
1514700	407
1515600	643
1516500	240
1517400	135
1518300	139
1519200	244
1520100	355
1521000	225
1521900	93
1522800	191
1523700	176
1524600	82
1525500	128
1526400	102
1527300	101
1528200	88
1529100	118
1530000	98
1530900	68
1531800	54
1532700	66
1533600	83
1534500	50
1535400	67
1536300	71
1537200	131
1538100	128
1539000	72
1539900	46
1540800	39
1541700	22
1578600	0
1579500	0
1580400	22
1581300	39
1582200	46
1583100	47
1584000	85
1584900	127
1585800	143
1586700	196
1587600	173
1588500	114
1589400	133
1590300	167
1591200	171
1592100	220
1593000	226
1593900	343
1594800	429
1595700	336
1596600	405
1597500	444
1598400	388
1599300	456
1600200	521
1601100	640
1602000	586
1602900	393
1603800	475
1604700	999
1605600	680
1606500	336
1607400	196
1608300	313
1609200	239
1610100	169
1611000	147
1611900	275
1612800	250
1613700	184
1614600	252
1615500	473
1616400	746
1617300	578
1618200	612
1619100	531
1620000	454
1620900	373
1621800	160
1622700	153
1623600	92
1624500	81
1625400	85
1626300	31
1627200	32
1628100	27
1661400	0
1662300	0
1663200	3
1664100	29
1665000	34
1665900	38
1666800	42
1667700	50
1668600	73
1669500	84
1670400	104
1671300	203
1672200	390
1673100	289
1674000	467
1674900	544
1675800	557
1676700	491
1677600	532
1678500	343
1679400	247
1680300	224
1681200	516
1682100	516
1683000	710
1683900	643
1684800	681
1685700	485
1686600	510
1687500	275
1688400	613
1689300	684
1690200	647
1691100	428
1692000	195
1692900	738
1693800	971
1694700	919
1695600	557
1696500	859
1697400	190
1698300	253
1699200	585
1700100	134
1701000	176
1701900	240
1702800	235
1703700	263
1704600	571
1705500	468
1706400	519
1707300	92
1708200	163
1709100	295
1710000	128
1710900	70
1711800	58
1712700	54
1713600	37
1714500	35
1749600	0
1750500	0
1751400	7
1752300	30
1753200	40
1754100	39
1755000	35
1755900	49
1756800	65
1757700	89
1758600	98
1759500	95
1760400	105
1761300	98
1762200	88
1763100	100
1764000	135
1764900	140
1765800	139
1766700	148
1767600	156
1768500	163
1769400	185
1770300	167
1771200	164
1772100	292
1773000	208
1773900	208
1774800	267
1775700	271
1776600	234
1777500	253
1778400	211
1779300	143
1780200	95
1781100	92
1782000	103
1782900	118
1783800	83
1784700	103
1785600	91
1786500	80
1787400	93
1788300	78
1789200	79
1790100	81
1791000	91
1791900	74
1792800	65
1793700	49
1794600	47
1795500	45
1796400	47
1797300	49
1798200	41
1799100	38
1800000	27
1836000	0
1836900	0
1837800	0
1838700	20
1839600	56
1840500	90
1841400	89
1842300	106
1843200	120
1844100	124
1845000	119
1845900	177
1846800	283
1847700	342
1848600	414
1849500	477
1850400	571
1851300	633
1852200	669
1853100	566
1854000	415
1854900	529
1855800	380
1856700	242
1857600	449
1858500	567
1859400	558
1860300	952
1861200	651
1862100	415
1863000	519
1863900	425
1864800	398
1865700	438
1866600	512
1867500	779
1868400	787
1869300	727
1870200	874
1871100	665
1872000	820
1872900	787
1873800	748
1874700	472
1875600	597
1876500	531
1877400	257
1878300	216
1879200	165
1880100	146
1881000	112
1881900	153
1882800	118
1883700	116
1884600	80
1885500	67
1886400	75
1887300	54
1888200	0
1921500	0
1922400	0
1923300	21
1924200	32
1925100	38
1926000	44
1926900	49
1927800	52
1928700	56
1929600	71
1930500	253
1931400	344
1932300	390
1933200	457
1934100	472
1935000	526
1935900	588
1936800	577
1937700	673
1938600	704
1939500	721
1940400	745
1941300	530
1942200	590
1943100	538
1944000	426
1944900	462
1945800	276
1946700	638
1947600	551
1948500	601
1949400	899
1950300	931
1951200	626
1952100	940
1953000	345
1953900	839
1954800	851
1955700	828
1956600	754
1957500	737
1958400	765
1959300	736
1960200	689
1961100	645
1962000	609
1962900	507
1963800	522
1964700	471
1965600	416
1966500	360
1967400	309
1968300	177
1969200	149
1970100	92
1971000	59
1971900	50
1972800	45
1973700	41
1974600	4
2007900	0
2008800	0
2009700	25
2010600	44
2011500	51
2012400	56
2013300	85
2014200	92
2015100	95
2016000	110
2016900	169
2017800	148
2018700	194
2019600	402
2020500	522
2021400	533
2022300	589
2023200	633
2024100	667
2025000	710
2025900	745
2026800	775
2027700	793
2028600	833
2029500	844
2030400	797
2031300	889
2032200	916
2033100	932
2034000	663
2034900	585
2035800	801
2036700	436
2037600	536
2038500	645
2039400	567
2040300	477
2041200	224
2042100	787
2043000	640
2043900	708
2044800	334
2045700	363
2046600	755
2047500	641
2048400	224
2049300	467
2050200	557
2051100	371
2052000	387
2052900	243
2053800	194
2054700	186
2055600	128
2056500	97
2057400	77
2058300	60
2059200	49
2060100	41
2061000	17
2094300	0
2095200	0
2096100	21
2097000	32
2097900	36
2098800	40
2099700	46
2100600	51
2101500	64
2102400	78
2103300	199
2104200	361
2105100	422
2106000	468
2106900	527
2107800	558
2108700	474
2109600	649
2110500	667
2111400	707
2112300	739
2113200	769
2114100	814
2115000	870
2115900	842
2116800	907
2117700	910
2118600	929
2119500	940
2120400	659
2121300	685
2122200	542
2123100	796
2124000	907
2124900	901
2125800	834
2126700	893
2127600	832
2128500	827
2129400	665
2130300	778
2131200	640
2132100	630
2133000	664
2133900	633
2134800	589
2135700	546
2136600	499
2137500	449
2138400	402
2139300	358
2140200	289
2141100	241
2142000	189
2142900	70
2143800	57
2144700	55
2145600	47
2146500	41
2147400	26
2180700	0
2181600	0
2182500	15
2183400	32
2184300	36
2185200	41
2186100	46
2187000	50
2187900	54
2188800	73
2189700	248
2190600	337
2191500	404
2192400	462
2193300	533
2194200	634
2195100	445
2196000	521
2196900	624
2197800	510
2198700	453
2199600	782
2200500	787
2201400	801
2202300	820
2203200	847
2204100	857
2205000	865
2205900	871
2206800	865
2207700	827
2208600	803
2209500	789
2210400	870
2211300	560
2212200	712
2213100	683
2214000	443
2214900	493
2215800	573
2216700	228
2217600	225
2218500	198
2219400	226
2220300	153
2221200	150
2222100	152
2223000	195
2223900	138
2224800	166
2225700	161
2226600	141
2227500	161
2228400	124
2229300	118
2230200	64
2231100	47
2232000	41
2232900	13
2233800	0
2268000	0
2268900	0
2269800	6
2270700	21
2271600	38
2272500	39
2273400	41
2274300	64
2275200	69
2276100	57
2277000	141
2277900	199
2278800	140
2279700	268
2280600	239
2281500	350
2282400	171
2283300	128
2284200	163
2285100	233
2286000	192
2286900	269
2287800	344
2288700	170
2289600	380
2290500	361
2291400	591
2292300	816
2293200	748
2294100	226
2295000	220
2295900	276
2296800	380
2297700	306
2298600	397
2299500	545
2300400	652
2301300	728
2302200	686
2303100	765
2304000	737
2304900	687
2305800	650
2306700	619
2307600	580
2308500	540
2309400	494
2310300	441
2311200	398
2312100	342
2313000	288
2313900	227
2314800	135
2315700	80
2316600	65
2317500	54
2318400	48
2319300	20
2355300	0
2356200	0
2357100	31
2358000	44
2358900	56
2359800	58
2360700	66
2361600	105
2362500	277
2363400	196
2364300	214
2365200	186
2366100	300
2367000	484
2367900	583
2368800	495
2369700	547
2370600	609
2371500	697
2372400	719
2373300	761
2374200	818
2375100	720
2376000	372
2376900	589
2377800	815
2378700	866
2379600	872
2380500	883
2381400	884
2382300	887
2383200	873
2384100	868
2385000	762
2385900	846
2386800	813
2387700	807
2388600	784
2389500	747
2390400	714
2391300	602
2392200	565
2393100	502
2394000	551
2394900	545
2395800	491
2396700	434
2397600	386
2398500	330
2399400	277
2400300	223
2401200	175
2402100	89
2403000	74
2403900	60
2404800	46
2405700	27
2443500	0
2444400	0
2445300	12
2446200	65
2447100	59
2448000	69
2448900	225
2449800	332
2450700	394
2451600	455
2452500	479
2453400	571
2454300	546
2455200	626
2456100	589
2457000	722
2457900	618
2458800	522
2459700	564
2460600	476
2461500	786
2462400	786
2463300	834
2464200	902
2465100	618
2466000	706
2466900	846
2467800	598
2468700	624
2469600	465
2470500	753
2471400	277
2472300	319
2473200	703
2474100	411
2475000	632
2475900	782
2476800	727
2477700	712
2478600	669
2479500	635
2480400	576
2481300	531
2482200	457
2483100	469
2484000	452
2484900	280
2485800	274
2486700	281
2487600	232
2488500	127
2489400	109
2490300	85
2491200	72
2492100	58
2493000	44
2493900	17
2527200	0
2528100	22
2529000	34
2529900	41
2530800	48
2531700	54
2532600	61
2533500	67
2534400	90
2535300	239
2536200	321
2537100	371
2538000	411
2538900	427
2539800	356
2540700	402
2541600	407
2542500	520
2543400	643
2544300	688
2545200	728
2546100	755
2547000	750
2547900	749
2548800	731
2549700	723
2550600	679
2551500	482
2552400	589
2553300	685
2554200	775
2555100	606
2556000	663
2556900	706
2557800	513
2558700	714
2559600	473
2560500	255
2561400	206
2562300	200
2563200	193
2564100	210
2565000	293
2565900	347
2566800	307
2567700	267
2568600	281
2569500	348
2570400	476
2571300	390
2572200	321
2573100	256
2574000	160
2574900	84
2575800	65
2576700	51
2577600	44
2578500	40
2579400	25
2613600	0
2614500	14
2615400	37
2616300	46
2617200	52
2618100	59
2619000	75
2619900	101
2620800	119
2621700	210
2622600	300
2623500	349
2624400	408
2625300	459
2626200	515
2627100	528
2628000	579
2628900	613
2629800	656
2630700	687
2631600	525
2632500	711
2633400	775
2634300	790
2635200	765
2636100	811
2637000	806
2637900	875
2638800	859
2639700	854
2640600	853
2641500	857
2642400	809
2643300	556
2644200	763
2645100	716
2646000	842
2646900	796
2647800	765
2648700	156
2649600	102
2650500	127
2651400	384
2652300	752
2653200	689
2654100	303
2655000	199
2655900	172
2656800	167
2657700	139
2658600	287
2659500	131
2660400	106
2661300	65
2662200	58
2663100	46
2664000	41
2664900	11
2700000	0
2700900	11
2701800	34
2702700	45
2703600	55
2704500	70
2705400	92
2706300	107
2707200	136
2708100	243
2709000	327
2709900	366
2710800	406
2711700	430
2712600	434
2713500	434
2714400	509
2715300	545
2716200	579
2717100	590
2718000	596
2718900	432
2719800	754
2720700	685
2721600	496
2722500	749
2723400	845
2724300	824
2725200	843
2726100	874
2727000	777
2727900	710
2728800	844
2729700	441
2730600	146
2731500	128
2732400	109
2733300	96
2734200	91
2735100	112
2736000	351
2736900	484
2737800	200
2738700	213
2739600	378
2740500	475
2741400	553
2742300	460
2743200	305
2744100	259
2745000	92
2745900	85
2746800	90
2747700	93
2748600	98
2749500	92
2750400	53
2751300	39
2787300	0
2788200	0
2789100	0
2790000	3
2790900	24
2791800	37
2792700	55
2793600	76
2794500	97
2795400	135
2796300	183
2797200	224
2798100	158
2799000	156
2799900	193
2800800	254
2801700	302
2802600	354
2803500	295
2804400	311
2805300	303
2806200	278
2807100	296
2808000	255
2808900	261
2809800	254
2810700	271
2811600	305
2812500	350
2813400	396
2814300	410
2815200	473
2816100	500
2817000	779
2817900	663
2818800	813
2819700	785
2820600	713
2821500	705
2822400	570
2823300	565
2824200	490
2825100	418
2826000	436
2826900	432
2827800	427
2828700	474
2829600	475
2830500	384
2831400	222
2832300	82
2833200	105
2834100	95
2835000	70
2835900	49
2836800	42
2837700	45
2838600	36
2872800	0
2873700	22
2874600	39
2875500	43
2876400	38
2877300	66
2878200	110
2879100	112
2880000	116
2880900	208
2881800	342
2882700	379
2883600	409
2884500	455
2885400	480
2886300	585
2887200	624
2888100	662
2889000	694
2889900	725
2890800	659
2891700	342
2892600	399
2893500	853
2894400	824
2895300	870
2896200	873
2897100	901
2898000	913
2898900	924
2899800	923
2900700	931
2901600	913
2902500	896
2903400	891
2904300	870
2905200	854
2906100	834
2907000	840
2907900	437
2908800	773
2909700	717
2910600	660
2911500	633
2912400	589
2913300	553
2914200	509
2915100	446
2916000	361
2916900	278
2917800	290
2918700	219
2919600	183
2920500	89
2921400	50
2922300	47
2923200	43
2924100	33
2925000	0
2959200	0
2960100	0
2961000	25
2961900	33
2962800	38
2963700	42
2964600	47
2965500	50
2966400	85
2967300	255
2968200	336
2969100	391
2970000	445
2970900	495
2971800	530
2972700	567
2973600	608
2974500	645
2975400	689
2976300	725
2977200	758
2978100	784
2979000	804
2979900	547
2980800	801
2981700	757
2982600	686
2983500	895
2984400	886
2985300	866
2986200	924
2987100	919
2988000	919
2988900	893
2989800	850
2990700	856
2991600	840
2992500	813
2993400	791
2994300	768
2995200	734
2996100	668
2997000	673
2997900	622
2998800	597
2999700	546
3000600	505
3001500	463
3002400	408
3003300	365
3004200	320
3005100	232
3006000	179
3006900	90
3007800	50
3008700	46
3009600	42
3010500	33
3011400	0
3045600	0
3046500	0
3047400	0
3048300	16
3049200	40
3050100	50
3051000	55
3051900	60
3052800	106
3053700	234
3054600	290
3055500	335
3056400	426
3057300	473
3058200	500
3059100	483
3060000	513
3060900	646
3061800	587
3062700	710
3063600	731
3064500	765
3065400	786
3066300	801
3067200	824
3068100	841
3069000	848
3069900	848
3070800	872
3071700	853
3072600	698
3073500	537
3074400	701
3075300	853
3076200	809
3077100	723
3078000	573
3078900	658
3079800	554
3080700	658
3081600	644
3082500	628
3083400	592
3084300	591
3085200	389
3086100	108
3087000	78
3087900	142
3088800	75
3089700	0
3090600	29
3091500	76
3092400	91
3093300	83
3094200	63
3095100	48
3096000	16
3132000	0
3132900	17
3133800	38
3134700	49
3135600	77
3136500	97
3137400	92
3138300	104
3139200	126
3140100	169
3141000	167
3141900	241
3142800	203
3143700	296
3144600	400
3145500	307
3146400	352
3147300	388
3148200	262
3149100	244
3150000	312
3150900	443
3151800	715
3152700	783
3153600	831
3154500	597
3155400	624
3156300	804
3157200	627
3158100	547
3159000	665
3159900	504
3160800	654
3161700	512
3162600	458
3163500	446
3164400	601
3165300	511
3166200	591
3167100	362
3168000	395
3168900	410
3169800	286
3170700	289
3171600	198
3172500	270
3173400	266
3174300	231
3175200	239
3176100	157
3177000	138
3177900	171
3178800	89
3179700	93
3180600	72
3181500	52
3182400	56
3183300	69
3184200	63
3218400	0
3219300	5
3220200	29
3221100	32
3222000	35
3222900	44
3223800	49
3224700	51
3225600	101
3226500	261
3227400	336
3228300	398
3229200	456
3230100	515
3231000	519
3231900	586
3232800	626
3233700	662
3234600	679
3235500	700
3236400	752
3237300	532
3238200	600
3239100	787
3240000	734
3240900	848
3241800	879
3242700	901
3243600	903
3244500	897
3245400	905
3246300	916
3247200	904
3248100	891
3249000	853
3249900	850
3250800	772
3251700	745
3252600	783
3253500	770
3254400	728
3255300	693
3256200	660
3257100	628
3258000	637
3258900	361
3259800	210
3260700	257
3261600	194
3262500	137
3263400	164
3264300	120
3265200	145
3266100	75
3267000	55
3267900	67
3268800	48
3269700	29
3305700	0
3306600	12
3307500	28
3308400	25
3309300	32
3310200	31
3311100	37
3312000	55
3312900	86
3313800	136
3314700	149
3315600	150
3316500	174
3317400	224
3318300	533
3319200	617
3320100	324
3321000	634
3321900	487
3322800	445
3323700	306
3324600	313
3325500	550
3326400	740
3327300	813
3328200	810
3329100	672
3330000	785
3330900	818
3331800	885
3332700	895
3333600	400
3334500	888
3335400	841
3336300	854
3337200	800
3338100	826
3339000	787
3339900	773
3340800	723
3341700	593
3342600	679
3343500	625
3344400	581
3345300	541
3346200	486
3347100	429
3348000	386
3348900	153
3349800	209
3350700	241
3351600	216
3352500	108
3353400	53
3354300	45
3355200	42
3356100	7
3391200	0
3392100	0
3393000	32
3393900	47
3394800	54
3395700	46
3396600	49
3397500	56
3398400	104
3399300	248
3400200	312
3401100	383
3402000	524
3402900	208
3403800	123
3404700	140
3405600	175
3406500	289
3407400	281
3408300	279
3409200	481
3410100	671
3411000	814
3411900	856
3412800	809
3413700	826
3414600	857
3415500	867
3416400	885
3417300	922
3418200	847
3419100	800
3420000	857
3420900	829
3421800	481
3422700	514
3423600	848
3424500	784
3425400	861
3426300	675
3427200	306
3428100	237
3429000	518
3429900	630
3430800	445
3431700	525
3432600	485
3433500	386
3434400	372
3435300	319
3436200	266
3437100	209
3438000	160
3438900	91
3439800	46
3440700	43
3441600	36
3442500	0
3478500	0
3479400	0
3480300	31
3481200	51
3482100	65
3483000	83
3483900	86
3484800	93
3485700	238
3486600	210
3487500	132
3488400	203
3489300	206
3490200	250
3491100	408
3492000	390
3492900	457
3493800	365
3494700	290
3495600	366
3496500	367
3497400	523
3498300	515
3499200	556
3500100	276
3501000	225
3501900	215
3502800	226
3503700	358
3504600	311
3505500	334
3506400	412
3507300	242
3508200	108
3509100	141
3510000	77
3510900	79
3511800	67
3512700	84
3513600	54
3514500	50
3515400	47
3516300	40
3517200	8
3518100	30
3519000	0
3519900	10
3520800	48
3521700	12
3522600	3
3565800	0
3566700	21
3567600	37
3568500	48
3569400	71
3570300	111
3571200	114
3572100	106
3573000	196
3573900	353
3574800	442
3575700	493
3576600	546
3577500	598
3578400	615
3579300	627
3580200	711
3581100	736
3582000	652
3582900	266
3583800	822
3584700	367
3585600	694
3586500	513
3587400	737
3588300	849
3589200	671
3590100	876
3591000	916
3591900	902
3592800	449
3593700	699
3594600	387
3595500	656
3596400	559
3597300	285
3598200	333
3599100	213
3600000	275
3600900	457
3601800	719
3602700	639
3603600	532
3604500	510
3605400	362
3606300	383
3607200	273
3608100	200
3609000	311
3609900	267
3610800	152
3611700	96
3612600	52
3613500	40
3614400	3
3650400	0
3651300	0
3652200	8
3653100	31
3654000	36
3654900	42
3655800	48
3656700	51
3657600	116
3658500	258
3659400	324
3660300	383
3661200	442
3662100	498
3663000	540
3663900	591
3664800	634
3665700	664
3666600	703
3667500	740
3668400	774
3669300	801
3670200	759
3671100	849
3672000	819
3672900	883
3673800	904
3674700	611
3675600	923
3676500	921
3677400	890
3678300	912
3679200	745
3680100	903
3681000	883
3681900	861
3682800	826
3683700	668
3684600	778
3685500	794
3686400	499
3687300	715
3688200	594
3689100	595
3690000	569
3690900	606
3691800	457
3692700	371
3693600	376
3694500	307
3695400	207
3696300	104
3697200	113
3698100	114
3699000	83
3699900	58
3700800	48
3701700	31
3737700	0
3738600	0
3739500	29
3740400	33
3741300	37
3742200	40
3743100	45
3744000	114
3744900	257
3745800	322
3746700	375
3747600	430
3748500	483
3749400	532
3750300	569
3751200	607
3752100	647
3753000	688
3753900	720
3754800	749
3755700	776
3756600	797
3757500	817
3758400	835
3759300	853
3760200	866
3761100	879
3762000	892
3762900	895
3763800	894
3764700	882
3765600	881
3766500	875
3767400	863
3768300	849
3769200	827
3770100	807
3771000	785
3771900	758
3772800	720
3773700	679
3774600	652
3775500	611
3776400	569
3777300	525
3778200	477
3779100	426
3780000	374
3780900	314
3781800	256
3782700	202
3783600	154
3784500	91
3785400	46
3786300	43
3787200	40
3788100	0
3824100	0
3825000	0
3825900	27
3826800	34
3827700	39
3828600	44
3829500	49
3830400	115
3831300	249
3832200	312
3833100	365
3834000	421
3834900	479
3835800	525
3836700	560
3837600	614
3838500	643
3839400	707
3840300	679
3841200	486
3842100	509
3843000	731
3843900	787
3844800	813
3845700	773
3846600	839
3847500	852
3848400	542
3849300	215
3850200	839
3851100	578
3852000	517
3852900	760
3853800	218
3854700	244
3855600	217
3856500	169
3857400	153
3858300	143
3859200	91
3860100	83
3861000	62
3861900	43
3862800	3
3863700	6
3864600	45
3865500	55
3866400	53
3867300	48
3868200	45
3869100	41
3870000	53
3870900	78
3871800	47
3872700	19
3911400	0
3912300	0
3913200	0
3914100	33
3915000	36
3915900	37
3916800	46
3917700	46
3918600	43
3919500	59
3920400	105
3921300	94
3922200	86
3923100	91
3924000	129
3924900	146
3925800	125
3926700	116
3927600	110
3928500	92
3929400	101
3930300	102
3931200	114
3932100	108
3933000	114
3933900	142
3934800	168
3935700	185
3936600	164
3937500	156
3938400	127
3939300	140
3940200	117
3941100	99
3942000	106
3942900	140
3943800	202
3944700	230
3945600	179
3946500	223
3947400	205
3948300	160
3949200	145
3950100	237
3951000	277
3951900	176
3952800	115
3953700	61
3954600	59
3955500	56
3956400	75
3957300	82
3958200	98
3959100	78
3960000	44
3996900	0
3997800	22
3998700	37
3999600	49
4000500	52
4001400	78
4002300	97
4003200	144
4004100	209
4005000	234
4005900	247
4006800	176
4007700	175
4008600	294
4009500	463
4010400	383
4011300	493
4012200	703
4013100	454
4014000	402
4014900	471
4015800	760
4016700	819
4017600	825
4018500	809
4019400	479
4020300	1007
4021200	535
4022100	918
4023000	706
4023900	550
4024800	625
4025700	554
4026600	993
4027500	245
4028400	741
4029300	777
4030200	553
4031100	772
4032000	796
4032900	764
4033800	602
4034700	621
4035600	644
4036500	384
4037400	137
4038300	259
4039200	106
4040100	122
4041000	179
4041900	128
4042800	118
4043700	92
4044600	56
4045500	47
4046400	11
4047300	0
4083300	0
4084200	11
4085100	41
4086000	48
4086900	81
4087800	92
4088700	100
4089600	135
4090500	98
4091400	98
4092300	130
4093200	149
4094100	159
4095000	220
4095900	227
4096800	179
4097700	113
4098600	110
4099500	141
4100400	135
4101300	120
4102200	170
4103100	220
4104000	201
4104900	186
4105800	195
4106700	257
4107600	286
4108500	322
4109400	348
4110300	314
4111200	264
4112100	343
4113000	399
4113900	507
4114800	443
4115700	393
4116600	373
4117500	343
4118400	421
4119300	318
4120200	707
4121100	578
4122000	285
4122900	208
4123800	135
4124700	154
4125600	127
4126500	107
4127400	131
4128300	122
4129200	76
4130100	65
4131000	44
4131900	1
4170600	0
4171500	0
4172400	1
4173300	34
4174200	37
4175100	47
4176000	68
4176900	106
4177800	120
4178700	117
4179600	93
4180500	173
4181400	279
4182300	167
4183200	159
4184100	114
4185000	123
4185900	176
4186800	277
4187700	408
4188600	226
4189500	201
4190400	233
4191300	232
4192200	190
4193100	230
4194000	273
4194900	278
4195800	464
4196700	418
4197600	396
4198500	413
4199400	463
4200300	390
4201200	333
4202100	644
4203000	760
4203900	679
4204800	373
4205700	335
4206600	282
4207500	227
4208400	228
4209300	219
4210200	245
4211100	304
4212000	142
4212900	156
4213800	189
4214700	138
4215600	124
4216500	88
4217400	56
4218300	41
4219200	8
4256100	0
4257000	0
4257900	16
4258800	30
4259700	36
4260600	41
4261500	47
4262400	132
4263300	239
4264200	302
4265100	360
4266000	421
4266900	476
4267800	508
4268700	557
4269600	595
4270500	643
4271400	657
4272300	680
4273200	739
4274100	759
4275000	780
4275900	650
4276800	843
4277700	599
4278600	619
4279500	914
4280400	604
4281300	704
4282200	804
4283100	589
4284000	395
4284900	863
4285800	855
4286700	891
4287600	861
4288500	825
4289400	655
4290300	341
4291200	425
4292100	519
4293000	578
4293900	335
4294800	335
4295700	379
4296600	533
4297500	257
4298400	392
4299300	294
4300200	244
4301100	184
4302000	120
4302900	62
4303800	42
4304700	39
4305600	13
4342500	0
4343400	0
4344300	24
4345200	37
4346100	47
4347000	58
4347900	60
4348800	113
4349700	191
4350600	265
4351500	316
4352400	382
4353300	445
4354200	487
4355100	471
4356000	534
4356900	530
4357800	606
4358700	656
4359600	569
4360500	446
4361400	367
4362300	763
4363200	552
4364100	786
4365000	598
4365900	793
4366800	830
4367700	775
4368600	682
4369500	654
4370400	276
4371300	406
4372200	455
4373100	378
4374000	227
4374900	234
4375800	172
4376700	205
4377600	294
4378500	296
4379400	459
4380300	603
4381200	486
4382100	444
4383000	443
4383900	400
4384800	327
4385700	289
4386600	235
4387500	167
4388400	118
4389300	60
4390200	48
4391100	38
4392000	29
4428900	0
4429800	0
4430700	27
4431600	40
4432500	48
4433400	96
4434300	95
4435200	124
4436100	105
4437000	172
4437900	331
4438800	382
4439700	441
4440600	490
4441500	526
4442400	591
4443300	626
4444200	649
4445100	720
4446000	720
4446900	764
4447800	681
4448700	629
4449600	701
4450500	549
4451400	457
4452300	792
4453200	728
4454100	785
4455000	711
4455900	723
4456800	868
4457700	856
4458600	844
4459500	812
4460400	186
4461300	369
4462200	506
4463100	325
4464000	251
4464900	148
4465800	197
4466700	136
4467600	160
4468500	481
4469400	514
4470300	206
4471200	305
4472100	245
4473000	97
4473900	67
4474800	70
4475700	53
4476600	23
4517100	0
4518000	25
4518900	42
4519800	75
4520700	91
4521600	143
4522500	232
4523400	290
4524300	346
4525200	411
4526100	460
4527000	513
4527900	568
4528800	629
4529700	671
4530600	707
4531500	720
4532400	755
4533300	805
4534200	828
4535100	840
4536000	834
4536900	330
4537800	315
4538700	928
4539600	822
4540500	571
4541400	612
4542300	373
4543200	620
4544100	401
4545000	722
4545900	463
4546800	790
4547700	534
4548600	687
4549500	550
4550400	712
4551300	714
4552200	679
4553100	656
4554000	569
4554900	527
4555800	462
4556700	420
4557600	359
4558500	295
4559400	233
4560300	179
4561200	112
4562100	53
4563000	47
4563900	40
4564800	11
4602600	0
4603500	22
4604400	42
4605300	47
4606200	51
4607100	65
4608000	135
4608900	239
4609800	281
4610700	338
4611600	407
4612500	396
4613400	462
4614300	484
4615200	573
4616100	634
4617000	668
4617900	700
4618800	729
4619700	730
4620600	775
4621500	772
4622400	554
4623300	159
4624200	172
4625100	857
4626000	858
4626900	809
4627800	913
4628700	747
4629600	404
4630500	467
4631400	786
4632300	663
4633200	425
4634100	530
4635000	782
4635900	703
4636800	378
4637700	634
4638600	617
4639500	636
4640400	309
4641300	135
4642200	116
4643100	93
4644000	100
4644900	223
4645800	211
4646700	159
4647600	101
4648500	48
4649400	20
4689900	0
4690800	0
4691700	33
4692600	70
4693500	108
4694400	107
4695300	105
4696200	128
4697100	167
4698000	192
4698900	267
4699800	238
4700700	174
4701600	119
4702500	117
4703400	141
4704300	182
4705200	230
4706100	318
4707000	552
4707900	701
4708800	508
4709700	347
4710600	461
4711500	644
4712400	546
4713300	850
4714200	470
4715100	741
4716000	530
4716900	432
4717800	412
4718700	354
4719600	232
4720500	385
4721400	220
4722300	618
4723200	740
4724100	611
4725000	624
4725900	580
4726800	535
4727700	471
4728600	445
4729500	377
4730400	334
4731300	296
4732200	218
4733100	79
4734000	88
4734900	52
4735800	44
4736700	12
4774500	0
4775400	5
4776300	32
4777200	46
4778100	57
4779000	63
4779900	82
4780800	111
4781700	236
4782600	268
4783500	292
4784400	163
4785300	149
4786200	206
4787100	298
4788000	330
4788900	296
4789800	250
4790700	462
4791600	539
4792500	400
4793400	600
4794300	421
4795200	304
4796100	402
4797000	474
4797900	484
4798800	886
4799700	815
4800600	893
4801500	877
4802400	869
4803300	846
4804200	837
4805100	813
4806000	789
4806900	772
4807800	752
4808700	724
4809600	686
4810500	667
4811400	615
4812300	404
4813200	369
4814100	409
4815000	296
4815900	249
4816800	223
4817700	113
4818600	98
4819500	196
4820400	132
4821300	71
4822200	33
4823100	0
4862700	0
4863600	0
4864500	0
4865400	0
4866300	0
4868100	8
4869000	42
4869900	34
4870800	7
4871700	33
4872600	36
4873500	38
4874400	40
4875300	51
4876200	71
4877100	85
4878000	71
4878900	80
4879800	89
4880700	99
4881600	213
4882500	296
4883400	226
4884300	192
4885200	222
4886100	336
4887000	421
4887900	413
4888800	323
4889700	287
4890600	319
4891500	332
4892400	295
4893300	296
4894200	302
4895100	295
4896000	378
4896900	562
4897800	700
4898700	315
4899600	305
4900500	339
4901400	214
4902300	183
4903200	99
4904100	99
4905000	52
4905900	46
4906800	55
4907700	52
4908600	37
4949100	0
4950000	13
4950900	39
4951800	57
4952700	77
4953600	92
4954500	98
4955400	113
4956300	144
4957200	182
4958100	188
4959000	147
4959900	150
4960800	190
4961700	313
4962600	264
4963500	246
4964400	229
4965300	210
4966200	209
4967100	195
4968000	206
4968900	209
4969800	216
4970700	242
4971600	240
4972500	280
4973400	308
4974300	436
4975200	450
4976100	394
4977000	433
4977900	592
4978800	532
4979700	610
4980600	450
4981500	381
4982400	374
4983300	620
4984200	477
4985100	541
4986000	574
4986900	451
4987800	429
4988700	225
4989600	221
4990500	107
4991400	98
4992300	90
4993200	72
4994100	60
4995000	26
4995900	8
4996800	0
5034600	0
5035500	0
5036400	22
5037300	32
5038200	37
5039100	50
5040000	163
5040900	232
5041800	294
5042700	356
5043600	413
5044500	472
5045400	528
5046300	578
5047200	622
5048100	663
5049000	689
5049900	722
5050800	754
5051700	733
5052600	227
5053500	88
5054400	93
5055300	92
5056200	101
5057100	870
5058000	887
5058900	859
5059800	858
5060700	784
5061600	795
5062500	779
5063400	581
5064300	835
5065200	822
5066100	804
5067000	697
5067900	701
5068800	679
5069700	444
5070600	544
5071500	594
5072400	475
5073300	415
5074200	206
5075100	395
5076000	324
5076900	261
5077800	189
5078700	137
5079600	105
5080500	53
5081400	27
5121000	0
5121900	1
5122800	33
5123700	45
5124600	53
5125500	63
5126400	147
5127300	210
5128200	268
5129100	324
5130000	382
5130900	439
5131800	495
5132700	547
5133600	583
5134500	612
5135400	651
5136300	688
5137200	733
5138100	530
5139000	130
5139900	188
5140800	200
5141700	260
5142600	183
5143500	880
5144400	885
5145300	891
5146200	893
5147100	906
5148000	764
5148900	626
5149800	856
5150700	638
5151600	747
5152500	764
5153400	668
5154300	741
5155200	725
5156100	696
5157000	581
5157900	592
5158800	458
5159700	467
5160600	429
5161500	359
5162400	316
5163300	253
5164200	200
5165100	152
5166000	102
5166900	48
5167800	42
5168700	15
5207400	0
5208300	0
5209200	22
5210100	34
5211000	39
5211900	56
5212800	153
5213700	221
5214600	279
5215500	339
5216400	394
5217300	451
5218200	503
5219100	553
5220000	598
5220900	637
5221800	654
5222700	689
5223600	700
5224500	231
5225400	98
5226300	100
5227200	99
5228100	100
5229000	132
5229900	852
5230800	875
5231700	869
5232600	870
5233500	864
5234400	847
5235300	846
5236200	833
5237100	819
5238000	807
5238900	766
5239800	735
5240700	716
5241600	684
5242500	644
5243400	604
5244300	570
5245200	524
5246100	473
5247000	421
5247900	370
5248800	313
5249700	255
5250600	199
5251500	147
5252400	101
5253300	45
5254200	41
5255100	13
5293800	0
5294700	0
5295600	14
5296500	31
5297400	36
5298300	56
5299200	160
5300100	225
5301000	285
5301900	345
5302800	408
5303700	461
5304600	521
5305500	573
5306400	623
5307300	664
5308200	700
5309100	726
5310000	549
5310900	95
5311800	86
5312700	85
5313600	85
5314500	85
5315400	94
5316300	858
5317200	914
5318100	902
5319000	898
5319900	891
5320800	886
5321700	875
5322600	865
5323500	844
5324400	823
5325300	794
5326200	765
5327100	738
5328000	698
5328900	661
5329800	624
5330700	579
5331600	531
5332500	484
5333400	429
5334300	370
5335200	313
5336100	254
5337000	196
5337900	144
5338800	99
5339700	44
5340600	40
5341500	4
5380200	0
5381100	0
5382000	13
5382900	31
5383800	37
5384700	56
5385600	154
5386500	219
5387400	276
5388300	337
5389200	393
5390100	449
5391000	502
5391900	549
5392800	583
5393700	621
5394600	652
5395500	678
5396400	262
5397300	83
5398200	87
5399100	88
5400000	91
5400900	91
5401800	102
5402700	822
5403600	866
5404500	869
5405400	861
5406300	861
5407200	858
5408100	843
5409000	827
5409900	808
5410800	784
5411700	762
5412600	735
5413500	707
5414400	678
5415300	633
5416200	595
5417100	554
5418000	506
5418900	455
5419800	401
5420700	348
5421600	291
5422500	233
5423400	182
5424300	131
5425200	93
5426100	46
5427000	40
5427900	0
5466600	0
5467500	0
5468400	20
5469300	36
5470200	45
5471100	63
5472000	132
5472900	186
5473800	242
5474700	297
5475600	353
5476500	410
5477400	466
5478300	510
5479200	551
5480100	582
5481000	607
5481900	532
5482800	125
5483700	116
5484600	113
5485500	117
5486400	117
5487300	117
5488200	130
5489100	785
5490000	814
5490900	815
5491800	810
5492700	805
5493600	796
5494500	793
5495400	771
5496300	762
5497200	720
5498100	725
5499000	661
5499900	654
5500800	640
5501700	601
5502600	555
5503500	520
5504400	464
5505300	418
5506200	376
5507100	320
5508000	267
5508900	212
5509800	160
5510700	117
5511600	85
5512500	47
5513400	37
5553000	0
5553900	11
5554800	34
5555700	40
5556600	58
5557500	85
5558400	90
5559300	98
5560200	101
5561100	95
5562000	139
5562900	162
5563800	198
5564700	242
5565600	254
5566500	246
5567400	178
5568300	138
5569200	147
5570100	248
5571000	142
5571900	157
5572800	191
5573700	152
5574600	110
5575500	142
5576400	244
5577300	287
5578200	626
5579100	480
5580000	861
5580900	801
5581800	395
5582700	579
5583600	716
5584500	729
5585400	676
5586300	264
5587200	269
5588100	346
5589000	212
5589900	153
5590800	138
5591700	107
5592600	103
5593500	96
5594400	64
5595300	59
5596200	53
5597100	48
5598000	45
5598900	0
5599800	0
5639400	0
5640300	0
5641200	26
5642100	53
5643000	80
5643900	88
5644800	144
5645700	120
5646600	202
5647500	282
5648400	129
5649300	190
5650200	393
5651100	509
5652000	601
5652900	586
5653800	575
5654700	139
5655600	127
5656500	146
5657400	130
5658300	144
5659200	127
5660100	109
5661000	129
5661900	737
5662800	863
5663700	427
5664600	542
5665500	659
5666400	573
5667300	746
5668200	675
5669100	262
5670000	709
5670900	691
5671800	586
5672700	718
5673600	695
5674500	661
5675400	630
5676300	548
5677200	301
5678100	177
5679000	306
5679900	341
5680800	212
5681700	222
5682600	174
5683500	122
5684400	81
5685300	45
5686200	27
5726700	0
5727600	0
5728500	26
5729400	33
5730300	66
5731200	159
5732100	227
5733000	289
5733900	354
5734800	417
5735700	477
5736600	535
5737500	587
5738400	635
5739300	676
5740200	409
5741100	61
5742000	60
5742900	61
5743800	60
5744700	58
5745600	59
5746500	62
5747400	73
5748300	830
5749200	898
5750100	899
5751000	891
5751900	884
5752800	873
5753700	860
5754600	849
5755500	835
5756400	808
5757300	780
5758200	751
5759100	717
5760000	684
5760900	646
5761800	605
5762700	561
5763600	512
5764500	462
5765400	409
5766300	351
5767200	296
5768100	241
5769000	179
5769900	128
5770800	86
5771700	41
5772600	15
5813100	0
5814000	5
5814900	30
5815800	36
5816700	62
5817600	141
5818500	203
5819400	261
5820300	325
5821200	385
5822100	442
5823000	495
5823900	543
5824800	586
5825700	610
5826600	165
5827500	85
5828400	83
5829300	83
5830200	81
5831100	80
5832000	78
5832900	79
5833800	88
5834700	817
5835600	862
5836500	859
5837400	868
5838300	865
5839200	847
5840100	826
5841000	824
5841900	815
5842800	791
5843700	763
5844600	725
5845500	693
5846400	653
5847300	630
5848200	589
5849100	542
5850000	493
5850900	436
5851800	382
5852700	321
5853600	262
5854500	186
5855400	151
5856300	118
5857200	87
5858100	45
5899500	0
5900400	17
5901300	41
5902200	48
5903100	78
5904000	138
5904900	181
5905800	237
5906700	279
5907600	352
5908500	351
5909400	112
5910300	103
5911200	114
5912100	89
5913000	97
5913900	165
5914800	204
5915700	229
5916600	204
5917500	166
5918400	150
5919300	147
5920200	163
5921100	770
5922000	797
5922900	766
5923800	773
5924700	792
5925600	722
5926500	652
5927400	475
5928300	713
5929200	490
5930100	579
5931000	506
5931900	218
5932800	107
5933700	74
5934600	69
5935500	73
5936400	79
5937300	90
5938200	103
5939100	185
5940000	117
5940900	111
5941800	74
5942700	56
5943600	51
5944500	41
5945400	0
5985900	0
5986800	9
5987700	31
5988600	40
5989500	66
5990400	115
5991300	168
5992200	237
5993100	310
5994000	338
5994900	286
5995800	290
5996700	357
5997600	507
5998500	346
5999400	247
6000300	257
6001200	266
6002100	223
6003000	180
6003900	186
6004800	300
6005700	371
6006600	307
6007500	676
6008400	707
6009300	741
6010200	759
6011100	823
6012000	793
6012900	826
6013800	774
6014700	722
6015600	772
6016500	697
6017400	506
6018300	565
6019200	501
6020100	293
6021000	546
6021900	506
6022800	330
6023700	380
6024600	365
6025500	316
6026400	255
6027300	189
6028200	120
6029100	98
6030000	70
6030900	48
6031800	23
6072300	0
6073200	5
6074100	34
6075000	41
6075900	51
6076800	67
6077700	128
6078600	231
6079500	291
6080400	372
6081300	365
6082200	398
6083100	394
6084000	489
6084900	185
6085800	90
6086700	94
6087600	92
6088500	91
6089400	111
6090300	96
6091200	86
6092100	90
6093000	115
6093900	755
6094800	861
6095700	852
6096600	858
6097500	848
6098400	840
6099300	827
6100200	818
6101100	801
6102000	778
6102900	680
6103800	647
6104700	566
6105600	646
6106500	514
6107400	618
6108300	342
6109200	167
6110100	185
6111000	224
6111900	155
6112800	107
6113700	62
6114600	53
6115500	62
6116400	67
6117300	45
6160500	0
6161400	0
6162300	11
6163200	31
6164100	36
6165000	45
6165900	72
6166800	114
6167700	98
6168600	152
6169500	162
6170400	259
6171300	288
6172200	197
6173100	197
6174000	205
6174900	238
6175800	234
6176700	128
6177600	207
6178500	266
6179400	353
6180300	493
6181200	487
6182100	739
6183000	129
6183900	206
6184800	508
6185700	623
6186600	118
6187500	302
6188400	183
6189300	53
6190200	63
6191100	292
6192000	770
6192900	658
6193800	439
6194700	272
6195600	421
6196500	282
6197400	114
6199200	39
6200100	93
6201000	62
6201900	53
6202800	30
6247800	0
6248700	0
6249600	0
6250500	0
6251400	0
6252300	1
6253200	38
6254100	38
6255000	38
6255900	49
6256800	48
6257700	75
6258600	105
6259500	91
6260400	50
6261300	48
6262200	63
6263100	64
6264000	53
6264900	47
6265800	51
6266700	60
6267600	79
6268500	89
6269400	85
6270300	84
6271200	111
6272100	135
6273000	183
6273900	167
6274800	188
6275700	137
6276600	229
6277500	155
6278400	147
6279300	148
6280200	104
6281100	126
6282000	135
6282900	120
6283800	124
6284700	121
6285600	65
6286500	46
6287400	43
6288300	41
6289200	29
6331500	0
6332400	9
6333300	40
6334200	53
6335100	68
6336000	84
6336900	97
6337800	144
6338700	213
6339600	219
6340500	324
6341400	376
6342300	302
6343200	302
6344100	214
6345000	227
6345900	181
6346800	150
6347700	136
6348600	136
6349500	139
6350400	139
6351300	142
6352200	153
6353100	730
6354000	819
6354900	815
6355800	805
6356700	792
6357600	785
6358500	769
6359400	758
6360300	736
6361200	713
6362100	692
6363000	656
6363900	613
6364800	588
6365700	553
6366600	499
6367500	449
6368400	405
6369300	274
6370200	276
6371100	254
6372000	207
6372900	159
6373800	116
6374700	89
6375600	53
6376500	33
6418800	0
6419700	25
6420600	39
6421500	71
6422400	113
6423300	153
6424200	205
6425100	260
6426000	313
6426900	364
6427800	420
6428700	471
6429600	445
6430500	104
6431400	102
6432300	105
6433200	110
6434100	115
6435000	119
6435900	123
6436800	128
6437700	129
6438600	138
6439500	702
6440400	800
6441300	794
6442200	784
6443100	783
6444000	787
6444900	771
6445800	761
6446700	759
6447600	607
6448500	727
6449400	570
6450300	638
6451200	616
6452100	574
6453000	525
6453900	487
6454800	439
6455700	387
6456600	328
6457500	272
6458400	215
6459300	164
6460200	118
6461100	86
6462000	45
6462900	27
6504300	0
6505200	0
6506100	16
6507000	33
6507900	75
6508800	120
6509700	164
6510600	220
6511500	276
6512400	325
6513300	382
6514200	428
6515100	473
6516000	395
6516900	91
6517800	90
6518700	92
6519600	93
6520500	94
6521400	97
6522300	98
6523200	103
6524100	106
6525000	116
6525900	705
6526800	799
6527700	792
6528600	782
6529500	788
6530400	777
6531300	760
6532200	748
6533100	727
6534000	656
6534900	547
6535800	566
6536700	615
6537600	498
6538500	449
6539400	354
6540300	290
6541200	431
6542100	400
6543000	351
6543900	298
6544800	244
6545700	181
6546600	129
6547500	87
6548400	46
6549300	31
6590700	0
6591600	0
6592500	15
6593400	34
6594300	73
6595200	113
6596100	155
6597000	208
6597900	263
6598800	316
6599700	373
6600600	427
6601500	475
6602400	359
6603300	94
6604200	95
6605100	100
6606000	105
6606900	105
6607800	106
6608700	107
6609600	110
6610500	115
6611400	127
6612300	719
6613200	792
6614100	790
6615000	790
6615900	791
6616800	775
6617700	769
6618600	740
6619500	629
6620400	558
6621300	454
6622200	631
6623100	609
6624000	295
6624900	419
6625800	496
6626700	451
6627600	413
6628500	364
6629400	297
6630300	235
6631200	200
6632100	156
6633000	117
6633900	73
6634800	42
6635700	17
6678000	6
6678900	34
6679800	46
6680700	78
6681600	111
6682500	148
6683400	193
6684300	234
6685200	289
6686100	332
6687000	382
6687900	430
6688800	305
6689700	110
6690600	109
6691500	112
6692400	113
6693300	115
6694200	115
6695100	116
6696000	121
6696900	129
6697800	145
6698700	660
6699600	760
6700500	732
6701400	744
6702300	743
6703200	735
6704100	720
6705000	723
6705900	708
6706800	673
6707700	656
6708600	623
6709500	591
6710400	550
6711300	519
6712200	474
6713100	433
6714000	370
6714900	320
6715800	273
6716700	229
6717600	179
6718500	139
6719400	108
6720300	75
6721200	51
6722100	27
6763500	0
6764400	0
6765300	23
6766200	38
6767100	68
6768000	106
6768900	144
6769800	193
6770700	242
6771600	291
6772500	342
6773400	388
6774300	438
6775200	268
6776100	100
6777000	99
6777900	102
6778800	103
6779700	105
6780600	107
6781500	110
6782400	113
6783300	117
6784200	132
6785100	666
6786000	775
6786900	772
6787800	769
6788700	766
6789600	753
6790500	735
6791400	731
6792300	708
6793200	689
6794100	665
6795000	637
6795900	605
6796800	571
6797700	528
6798600	490
6799500	441
6800400	392
6801300	339
6802200	287
6803100	236
6804000	181
6804900	136
6805800	100
6806700	56
6807600	42
6808500	0
6850800	0
6851700	7
6852600	35
6853500	62
6854400	101
6855300	142
6856200	190
6857100	242
6858000	294
6858900	346
6859800	392
6860700	444
6861600	234
6862500	97
6863400	99
6864300	102
6865200	103
6866100	107
6867000	110
6867900	115
6868800	119
6869700	125
6870600	140
6871500	672
6872400	761
6873300	763
6874200	754
6875100	748
6876000	751
6876900	749
6877800	739
6878700	715
6879600	698
6880500	665
6881400	459
6882300	617
6883200	578
6884100	539
6885000	492
6885900	447
6886800	402
6887700	334
6888600	279
6889500	217
6890400	170
6891300	132
6892200	98
6893100	54
6894000	42
6937200	0
6938100	6
6939000	35
6939900	58
6940800	96
6941700	130
6942600	175
6943500	222
6944400	272
6945300	321
6946200	370
6947100	416
6948000	202
6948900	114
6949800	117
6950700	122
6951600	130
6952500	135
6953400	136
6954300	137
6955200	142
6956100	146
6957000	160
6957900	661
6958800	763
6959700	754
6960600	748
6961500	745
6962400	744
6963300	739
6964200	718
6965100	703
6966000	678
6966900	661
6967800	638
6968700	607
6969600	571
6970500	534
6971400	492
6972300	447
6973200	396
6974100	348
6975000	294
6975900	235
6976800	183
6977700	133
6978600	95
6979500	51
6980400	37
7023600	0
7024500	7
7025400	35
7026300	57
7027200	93
7028100	125
7029000	169
7029900	219
7030800	266
7031700	319
7032600	370
7033500	420
7034400	173
7035300	110
7036200	114
7037100	117
7038000	119
7038900	122
7039800	123
7040700	123
7041600	123
7042500	125
7043400	133
7044300	663
7045200	794
7046100	785
7047000	788
7047900	794
7048800	777
7049700	764
7050600	755
7051500	713
7052400	704
7053300	687
7054200	657
7055100	611
7056000	568
7056900	527
7057800	478
7058700	429
7059600	391
7060500	336
7061400	276
7062300	226
7063200	169
7064100	121
7065000	89
7065900	48
7066800	32
7110000	0
7110900	1
7111800	32
7112700	44
7113600	52
7114500	75
7115400	131
7116300	197
7117200	248
7118100	302
7119000	351
7119900	404
7120800	147
7121700	118
7122600	126
7123500	136
7124400	159
7125300	183
7126200	222
7127100	251
7128000	278
7128900	306
7129800	304
7130700	568
7131600	614
7132500	756
7133400	737
7134300	663
7135200	708
7136100	699
7137000	663
7137900	400
7138800	674
7139700	598
7140600	418
7141500	457
7142400	511
7143300	349
7144200	462
7145100	392
7146000	220
7146900	122
7147800	105
7148700	88
7149600	84
7150500	70
7151400	50
7152300	42
7153200	0
7198200	0
7199100	0
7200000	31
7200900	36
7201800	33
7202700	39
7203600	97
7204500	146
7205400	118
7206300	183
7207200	182
7208100	239
7209000	224
7209900	126
7210800	191
7211700	238
7212600	134
7213500	121
7214400	195
7215300	359
7216200	130
7217100	114
7218000	170
7218900	137
7219800	229
7220700	201
7221600	146
7222500	182
7223400	561
7224300	317
7225200	306
7226100	313
7227000	100
7227900	86
7228800	186
7229700	206
7230600	361
7231500	266
7232400	92
7233300	90
7234200	117
7235100	120
7236000	113
7236900	101
7237800	58
7238700	43
7239600	41
7283700	0
7285500	0
7286400	3
7287300	35
7288200	47
7289100	47
7290000	47
7290900	53
7291800	62
7292700	76
7293600	79
7294500	94
7295400	123
7296300	233
7297200	343
7298100	177
7299000	174
7299900	157
7300800	137
7301700	129
7302600	128
7303500	196
7304400	214
7305300	239
7306200	247
7307100	416
7308000	467
7308900	646
7309800	435
7310700	374
7311600	332
7312500	422
7313400	346
7314300	245
7315200	319
7316100	440
7317000	196
7317900	166
7318800	125
7319700	108
7320600	267
7321500	99
7322400	78
7323300	55
7324200	40
7325100	17
7370100	0
7371000	0
7371900	26
7372800	38
7373700	55
7374600	82
7375500	107
7376400	165
7377300	371
7378200	445
7379100	207
7380000	196
7380900	254
7381800	156
7382700	242
7383600	188
7384500	256
7385400	233
7386300	260
7387200	259
7388100	292
7389000	316
7389900	385
7390800	242
7391700	197
7392600	266
7393500	663
7394400	626
7395300	648
7396200	676
7397100	720
7398000	733
7398900	709
7399800	193
7400700	150
7401600	190
7402500	78
7403400	46
7404300	43
7405200	3
7406100	3
7407000	0
7407900	30
7408800	7
7409700	0
7456500	0
7457400	12
7458300	31
7459200	51
7460100	55
7461000	102
7461900	133
7462800	123
7463700	315
7464600	231
7465500	360
7466400	225
7467300	217
7468200	238
7469100	278
7470000	282
7470900	190
7471800	118
7472700	176
7473600	144
7474500	113
7475400	151
7476300	697
7477200	506
7478100	758
7479000	269
7479900	131
7480800	119
7481700	142
7482600	205
7483500	216
7484400	190
7485300	180
7486200	394
7487100	472
7488000	210
7488900	152
7489800	380
7490700	425
7491600	262
7492500	200
7493400	254
7494300	162
7495200	102
7496100	76
7497000	46
7497900	25
7543800	0
7544700	0
7545600	0
7546500	23
7547400	33
7548300	43
7549200	49
7550100	77
7551000	103
7551900	114
7552800	169
7553700	207
7554600	172
7555500	215
7556400	280
7557300	313
7558200	270
7559100	200
7560000	201
7560900	242
7561800	257
7562700	325
7563600	309
7564500	278
7565400	660
7566300	321
7567200	257
7568100	342
7569000	272
7569900	171
7570800	564
7571700	786
7572600	702
7573500	455
7574400	263
7575300	458
7576200	138
7577100	117
7578000	155
7578900	342
7579800	228
7580700	186
7581600	68
7582500	59
7583400	43
7584300	30
7629300	0
7630200	20
7631100	40
7632000	56
7632900	109
7633800	82
7634700	98
7635600	151
7636500	185
7637400	379
7638300	297
7639200	101
7640100	91
7641000	87
7641900	88
7642800	91
7643700	91
7644600	96
7645500	109
7646400	131
7647300	112
7648200	118
7649100	732
7650000	692
7650900	779
7651800	888
7652700	636
7653600	659
7654500	715
7655400	530
7656300	386
7657200	600
7658100	264
7659000	633
7659900	662
7660800	627
7661700	595
7662600	443
7663500	389
7664400	424
7665300	339
7666200	286
7667100	225
7668000	168
7668900	127
7669800	54
7670700	34
7715700	0
7716600	10
7717500	56
7718400	101
7719300	148
7720200	204
7721100	227
7722000	305
7722900	322
7723800	361
7724700	220
7725600	108
7726500	124
7727400	130
7728300	137
7729200	143
7730100	128
7731000	109
7731900	121
7732800	162
7733700	170
7734600	237
7735500	578
7736400	677
7737300	846
7738200	752
7739100	268
7740000	644
7740900	799
7741800	744
7742700	723
7743600	708
7744500	672
7745400	633
7746300	597
7747200	540
7748100	559
7749000	472
7749900	468
7750800	416
7751700	361
7752600	277
7753500	208
7754400	150
7755300	82
7756200	42
7802100	0
7803000	17
7803900	50
7804800	93
7805700	128
7806600	173
7807500	222
7808400	273
7809300	332
7810200	390
7811100	197
7812000	91
7812900	93
7813800	92
7814700	93
7815600	103
7816500	122
7817400	138
7818300	156
7819200	141
7820100	157
7821000	204
7821900	600
7822800	614
7823700	537
7824600	628
7825500	656
7826400	593
7827300	596
7828200	648
7829100	610
7830000	535
7830900	441
7831800	396
7832700	404
7833600	349
7834500	282
7835400	305
7836300	249
7837200	198
7838100	175
7839000	144
7839900	185
7840800	146
7841700	94
7842600	60
7843500	33
7888500	0
7889400	11
7890300	48
7891200	89
7892100	127
7893000	163
7893900	212
7894800	264
7895700	333
7896600	369
7897500	174
7898400	98
7899300	99
7900200	104
7901100	106
7902000	106
7902900	107
7903800	112
7904700	108
7905600	110
7906500	113
7907400	115
7908300	648
7909200	785
7910100	760
7911000	753
7911900	751
7912800	697
7913700	728
7914600	747
7915500	704
7916400	676
7917300	646
7918200	601
7919100	562
7920000	549
7920900	507
7921800	415
7922700	373
7923600	337
7924500	255
7925400	192
7926300	186
7927200	131
7928100	100
7929000	52
7929900	29
7974900	0
7975800	25
7976700	42
7977600	57
7978500	74
7979400	99
7980300	143
7981200	146
7982100	185
7983000	205
7983900	216
7984800	189
7985700	211
7986600	240
7987500	250
7988400	257
7989300	296
7990200	319
7991100	247
7992000	212
7992900	210
7993800	205
7994700	597
7995600	725
7996500	725
7997400	725
7998300	628
7999200	700
8000100	681
8001000	699
8001900	648
8002800	573
8003700	575
8004600	553
8005500	535
8006400	491
8007300	243
8008200	131
8009100	157
8010000	85
8010900	97
8011800	130
8012700	138
8013600	101
8014500	47
8061300	0
8062200	16
8063100	43
8064000	63
8064900	102
8065800	147
8066700	201
8067600	242
8068500	285
8069400	323
8070300	132
8071200	126
8072100	133
8073000	139
8073900	151
8074800	204
8075700	202
8076600	172
8077500	169
8078400	173
8079300	159
8080200	181
8081100	593
8082000	737
8082900	742
8083800	724
8084700	722
8085600	705
8086500	690
8087400	677
8088300	668
8089200	633
8090100	575
8091000	575
8091900	539
8092800	486
8093700	409
8094600	403
8095500	308
8096400	273
8097300	243
8098200	210
8099100	157
8100000	115
8100900	81
8101800	43
8102700	0
8147700	0
8148600	3
8149500	22
8150400	39
8151300	99
8152200	143
8153100	199
8154000	246
8154900	280
8155800	280
8156700	151
8157600	154
8158500	191
8159400	174
8160300	152
8161200	168
8162100	246
8163000	285
8163900	319
8164800	297
8165700	250
8166600	292
8167500	493
8168400	407
8169300	391
8170200	744
8171100	798
8172000	665
8172900	297
8173800	784
8174700	718
8175600	609
8176500	560
8177400	543
8178300	483
8179200	479
8180100	349
8181000	261
8181900	237
8182800	198
8183700	128
8184600	102
8185500	92
8186400	69
8187300	54
8188200	38
8235000	0
8235900	25
8236800	44
8237700	60
8238600	89
8239500	105
8240400	152
8241300	196
8242200	197
8243100	90
8244000	93
8244900	89
8245800	79
8246700	73
8247600	77
8248500	88
8249400	86
8250300	81
8251200	83
8252100	89
8253000	116
8253900	601
8254800	786
8255700	801
8256600	784
8257500	777
8258400	742
8259300	746
8260200	719
8261100	631
8262000	694
8262900	582
8263800	442
8264700	427
8265600	529
8266500	509
8267400	405
8268300	258
8269200	370
8270100	311
8271000	243
8271900	183
8272800	130
8273700	67
8274600	17
8321400	13
8322300	51
8323200	76
8324100	130
8325000	213
8325900	218
8326800	211
8327700	211
8328600	200
8329500	77
8330400	56
8331300	55
8332200	55
8333100	56
8334000	57
8334900	57
8335800	59
8336700	60
8337600	69
8338500	76
8339400	83
8340300	583
8341200	737
8342100	763
8343000	771
8343900	735
8344800	762
8345700	720
8346600	716
8347500	691
8348400	671
8349300	618
8350200	588
8351100	524
8352000	488
8352900	169
8353800	185
8354700	183
8355600	127
8356500	103
8357400	64
8358300	48
8359200	46
8360100	27
8406000	0
8406900	0
8407800	36
8408700	75
8409600	112
8410500	148
8411400	200
8412300	246
8413200	297
8414100	187
8415000	94
8415900	98
8416800	104
8417700	115
8418600	115
8419500	120
8420400	121
8421300	121
8422200	132
8423100	140
8424000	138
8424900	163
8425800	727
8426700	697
8427600	669
8428500	748
8429400	717
8430300	720
8431200	683
8432100	629
8433000	585
8433900	660
8434800	528
8435700	528
8436600	514
8437500	516
8438400	439
8439300	391
8440200	351
8441100	298
8442000	209
8442900	123
8443800	76
8444700	43
8445600	26
8492400	0
8493300	17
8494200	41
8495100	44
8496000	52
8496900	51
8497800	63
8498700	91
8499600	98
8500500	113
8501400	114
8502300	104
8503200	102
8504100	92
8505000	90
8505900	93
8506800	123
8507700	127
8508600	90
8509500	70
8510400	66
8511300	73
8512200	113
8513100	114
8514000	158
8514900	177
8515800	158
8516700	166
8517600	164
8518500	146
8519400	125
8520300	107
8521200	98
8522100	94
8523000	80
8523900	60
8524800	55
8525700	43
8526600	14
8527500	33
8528400	33
8529300	33
8530200	30
8531100	0
8532000	0
8579700	0
8580600	16
8581500	29
8582400	37
8583300	80
8584200	215
8585100	340
8586000	413
8586900	158
8587800	134
8588700	200
8589600	204
8590500	168
8591400	137
8592300	166
8593200	186
8594100	234
8595000	190
8595900	392
8596800	389
8597700	338
8598600	264
8599500	86
8600400	102
8601300	421
8602200	389
8603100	189
8604000	142
8604900	229
8605800	230
8606700	176
8607600	73
8608500	60
8609400	49
8610300	120
8611200	529
8612100	194
8613000	67
8613900	65
8614800	87
8615700	75
8616600	42
8617500	47
8667000	0
8667900	0
8668800	0
8669700	22
8670600	29
8671500	31
8672400	33
8673300	36
8674200	40
8675100	41
8676000	38
8676900	45
8677800	50
8678700	70
8679600	65
8680500	56
8681400	85
8682300	55
8683200	53
8684100	40
8685000	43
8685900	44
8686800	44
8687700	50
8688600	49
8689500	49
8690400	69
8691300	76
8692200	46
8693100	27
8694000	23
8694900	5
8695800	20
8696700	33
8697600	43
8698500	137
8699400	39
8700300	4
8701200	18
8702100	60
8703000	54
8703900	0
8704800	0
